//program 1
20
10
00
08
00
00
40
20
20
09
00
02
20
0a
00
01
01
09
58
2a
11
6a
00
01
03
e0
00
08
00
00
60
20
01
89
58
2a
11
60
00
0b
00
0c
68
80
01
b0
68
20
8d
b1
00
00
8d
b2
00
04
02
32
98
24
00
13
98
27
32
73
00
ff
ad
b3
00
00
21
8c
00
01
01
89
58
2a
11
6a
ff
f5
21
08
00
01
22
10
00
08
0c
00
00
04
//program2
20
10
00
1c
20
08
00
01
20
09
00
14
8e
0a
00
00
8e
12
00
00
20
0b
00
01
01
69
60
2a
11
80
00
0c
00
0b
68
80
01
b0
68
20
8d
ae
00
00
01
4e
60
2a
11
80
00
01
00
0e
50
20
02
4e
60
2a
11
88
00
01
00
0e
90
20
21
6b
00
01
01
69
60
2a
11
88
ff
ec
//program 3
20
09
00
02
20
10
00
6c
ae
00
00
00
00
00
58
20
ae
08
00
04
20
0c
00
01
20
0d
00
01
01
aa
70
2a
11
c0
00
08
00
09
70
80
01
d0
70
20
ad
cd
00
00
00
0c
58
20
00
0d
60
20
01
6c
68
20
21
29
00
01
0c
00
00
32
11
aa
ff
f7
