00100000
00001001
00000000
00000010
00100000
00010000
00000000
01101100
10101110
00000000
00000000
00000000
00000000
00000000
01011000
00100000
10101110
00001000
00000000
00000100
00100000
00001100
00000000
00000001
00100000
00001101
00000000
00000001
00000001
10101010
01110000
00101010
00010001
11000000
00000000
00001000
00000000
00001001
01110000
10000000
00000001
11010000
01110000
00100000
10101101
11001101
00000000
00000000
00000000
00001100
01011000
00100000
00000000
00001101
01100000
00100000
00000000
01101100
01101000
00100000
00100001
00101001
00000000
00000001
00001100
00010000
00000000
00000111
00010001
10101010
11111111
11110111
