00100000
00010000
00000000
00001000
00000000
00000000
01000000
00100000
00100000
00001001
00000000
00000010
00100000
00001010
00000000
00000001
00000001
00001001
01011000
00101010
00010001
01101010
00000000
00000001
00000011
11100000
00000000
00001000
00000000
00000000
01100000
00100000
00000001
10001001
01011000
00101010
00010001
01100000
00000000
00001011
00000000
00001100
01101000
10000000
00000001
10110000
01101000
00100000
10001101
10110001
00000000
00000000
10001101
10110010
00000000
00000100
00000010
00110010
10011000
00100100
00000000
00010011
10011000
00100111
00110010
01110011
00000000
11111111
10101101
10110011
00000000
00000000
00100001
10001100
00000000
00000001
00000001
10001001
01011000
00101010
00010001
01101010
11111111
11110101
00100001
00001000
00000000
00000001
00100010
00010000
00000000
00001000
00001100
00000000
00000000
00000100
