00100000
00010000
00000000
00011100
00100000
00001000
00000000
00000001
00100000
00001001
00000000
00010100
10001110
00001010
00000000
00000000
10001110
00010010
00000000
00000000
00100000
00001011
00000000
00000001
00000001
01101001
01100000
00101010
00010001
10000000
00000000
00001100
00000000
00001011
01101000
10000000
00000001
10110000
01101000
00100000
10001101
10101110
00000000
00000000
00000001
01001110
01100000
00101010
00010001
10000000
00000000
00000001
00000000
00001110
01010000
00100000
00000010
01001110
01100000
00101010
00010001
10001000
00000000
00000001
00000000
00001110
10010000
00100000
00100001
01101011
00000000
00000001
00000001
01101001
01100000
00101010
00010001
10001000
11111111
11110100
